Category: All categories,
,
Week,gym membership: (Worldwide)
2019-04-21,46
2019-04-28,54
2019-05-05,56
2019-05-12,49
2019-05-19,53
2019-05-26,57
2019-06-02,53
2019-06-09,53
2019-06-16,58
2019-06-23,56
2019-06-30,51
2019-07-07,54
2019-07-14,53
2019-07-21,55
2019-07-28,61
2019-08-04,52
2019-08-11,60
2019-08-18,52
2019-08-25,61
2019-09-01,55
2019-09-08,62
2019-09-15,65
2019-09-22,63
2019-09-29,56
2019-10-06,53
2019-10-13,50
2019-10-20,50
2019-10-27,51
2019-11-03,54
2019-11-10,58
2019-11-17,54
2019-11-24,51
2019-12-01,66
2019-12-08,48
2019-12-15,51
2019-12-22,63
2019-12-29,100
2020-01-05,87
2020-01-12,74
2020-01-19,71
2020-01-26,64
2020-02-02,63
2020-02-09,58
2020-02-16,61
2020-02-23,62
2020-03-01,59
2020-03-08,47
2020-03-15,58
2020-03-22,28
2020-03-29,21
2020-04-05,15
2020-04-12,15